0452654 sami beji 97568425 TUNISIENNE 72 01 05 2020 1
0742654 olfa hammami 65842275 TUNISIENNE 68 20 04 2020 1
0652655 salwa trabelsi 52645854 TUNISIENNE 78 21 04 2020 0
0752638 sofien ferchichi 87452545 TUNISIENNE 29 25 04 2020 0
0956657 kamel ayari 33568958 TUNISIENNE 24 8 05 2020 0
0854655 fabrice Tajou 98566544 FRANCAISE 75 13 04 2020 0
0634656 ASMA Djiri 93656684 ALGERIENNE 34 5 04 2020 0
0324536 SALWA KEFI 96587452 TUNISIENNE 27 7 04 2020 0
0498587 AHMED Gabsi 93654123 TUNISIENNE 48 2 05 2020 0
0777657 ALI saibi 97558558 TUNISIENNE 90 14 05 2020 1
0858697 SAFWEN Msallem 97555444 TUNISIENNE 36 12 04 2020 0